[[1 1 1 ..., 1 1 1]
 [1 1 9 ..., 1 1 1]
 [1 1 1 ..., 1 1 1]
 ..., 
 [1 1 1 ..., 1 1 1]
 [1 1 1 ..., 1 1 1]
 [1 1 3 ..., 1 1 1]]
[[ 1  1  1 ...,  1  1  1]
 [ 1  1  1 ..., 15  1  1]
 [ 2  1  1 ...,  1  1  1]
 ..., 
 [ 1  1  3 ...,  1  1  1]
 [ 1  1  1 ...,  1  1  1]
 [ 1  1  1 ...,  1  1  1]]
[[1 1 1 ..., 1 3 1]
 [1 1 1 ..., 1 1 1]
 [1 1 1 ..., 1 1 1]
 ..., 
 [1 1 1 ..., 1 1 1]
 [1 1 1 ..., 1 1 1]
 [1 1 1 ..., 1 1 1]]
[[2 1 1 ..., 1 1 1]
 [1 1 1 ..., 1 1 1]
 [1 1 1 ..., 1 1 1]
 ..., 
 [1 1 1 ..., 1 1 1]
 [1 1 1 ..., 1 1 1]
 [1 4 1 ..., 1 1 1]]
[[1 1 1 ..., 1 1 1]
 [9 1 1 ..., 1 1 1]
 [1 1 1 ..., 1 1 1]
 ..., 
 [1 1 1 ..., 1 2 1]
 [1 1 1 ..., 1 1 6]
 [1 1 1 ..., 1 1 1]]
[[1 1 1 ..., 1 1 6]
 [1 1 9 ..., 1 1 1]
 [3 1 1 ..., 1 1 1]
 ..., 
 [1 1 1 ..., 1 2 1]
 [1 1 1 ..., 1 1 1]
 [6 5 1 ..., 1 1 1]]
[[1 1 1 ..., 1 1 1]
 [5 1 1 ..., 1 1 1]
 [1 1 1 ..., 1 1 1]
 ..., 
 [1 1 1 ..., 1 1 1]
 [1 1 1 ..., 1 1 1]
 [1 1 1 ..., 1 1 1]]
[[ 1  1  1 ...,  1  6  1]
 [ 1  1  1 ...,  1  4  1]
 [ 1  1  1 ...,  1  1  1]
 ..., 
 [ 4 17  1 ...,  1  1  1]
 [ 1  1  1 ...,  1  1  1]
 [ 1  1  1 ...,  1  2  1]]
[[1 1 1 ..., 1 1 1]
 [1 1 4 ..., 1 1 1]
 [1 1 1 ..., 1 2 1]
 ..., 
 [1 1 1 ..., 1 1 1]
 [3 1 1 ..., 1 1 1]
 [1 1 1 ..., 1 1 1]]
[[1 1 1 ..., 1 1 1]
 [1 1 3 ..., 1 1 1]
 [1 1 1 ..., 1 1 1]
 ..., 
 [5 1 1 ..., 1 1 1]
 [1 1 1 ..., 1 1 1]
 [1 1 1 ..., 1 1 1]]
[[1 1 1 ..., 1 1 1]
 [6 4 1 ..., 1 1 1]
 [1 1 1 ..., 1 1 1]
 ..., 
 [1 1 1 ..., 1 1 2]
 [1 1 1 ..., 1 1 1]
 [1 1 5 ..., 1 1 3]]
[[1 1 1 ..., 1 1 1]
 [1 1 1 ..., 1 1 1]
 [1 1 1 ..., 4 1 1]
 ..., 
 [1 1 1 ..., 1 1 1]
 [1 1 1 ..., 1 1 1]
 [1 1 1 ..., 1 1 1]]
[[1 1 1 ..., 1 7 1]
 [1 1 5 ..., 1 1 1]
 [1 1 1 ..., 1 1 1]
 ..., 
 [1 1 1 ..., 1 6 1]
 [1 1 5 ..., 1 1 1]
 [1 1 1 ..., 1 1 1]]
[[ 1  1  1 ...,  1  1  1]
 [ 1  1  1 ...,  1  1  1]
 [ 1  1  1 ...,  1  1  1]
 ..., 
 [ 1  1  1 ...,  1  1  1]
 [ 1  1  1 ...,  1  1  1]
 [ 1 11  1 ...,  1  1  1]]
[[ 1  1  1 ...,  1  1  1]
 [ 1  1  1 ...,  1 11  1]
 [ 1  1  1 ...,  1  1  1]
 ..., 
 [ 1 11  1 ...,  1  1  1]
 [ 4  1  1 ...,  1  1  1]
 [ 1  3  1 ...,  1  1  1]]
[[ 4  1  1 ...,  1  1  1]
 [ 1  1  1 ...,  1  1  1]
 [ 1  1  1 ...,  1  1  1]
 ..., 
 [ 2  1  1 ...,  1  1 11]
 [ 1  1  4 ...,  1  1  1]
 [ 1  7  1 ...,  1  1  1]]
[[ 8  1  1 ...,  1  1  1]
 [ 1  1  1 ...,  1  1  1]
 [ 1  1  1 ...,  1  1  1]
 ..., 
 [ 8  1  1 ...,  1  1  1]
 [ 1  1  2 ..., 10  1  1]
 [ 1  1  1 ...,  1  1  1]]
[[1 1 1 ..., 1 1 1]
 [1 1 1 ..., 1 1 1]
 [1 1 9 ..., 1 1 1]
 ..., 
 [1 1 1 ..., 1 1 1]
 [1 1 4 ..., 1 1 1]
 [1 1 1 ..., 1 1 1]]
[[1 1 1 ..., 1 1 1]
 [1 1 1 ..., 1 9 2]
 [1 1 1 ..., 1 1 1]
 ..., 
 [1 1 3 ..., 1 1 1]
 [1 1 1 ..., 1 1 1]
 [1 1 1 ..., 1 1 1]]
[[1 3 1 ..., 1 1 1]
 [1 1 1 ..., 1 1 1]
 [1 1 1 ..., 1 1 1]
 ..., 
 [1 1 5 ..., 1 1 1]
 [1 1 2 ..., 1 1 1]
 [1 1 1 ..., 1 1 1]]
[[1 1 1 ..., 1 1 2]
 [1 1 1 ..., 3 1 1]
 [1 1 1 ..., 1 1 7]
 ..., 
 [1 1 1 ..., 1 1 1]
 [1 1 1 ..., 1 1 1]
 [1 1 1 ..., 1 1 1]]
[[1 1 1 ..., 3 1 1]
 [1 1 1 ..., 1 1 1]
 [1 1 1 ..., 1 1 1]
 ..., 
 [1 1 1 ..., 1 1 1]
 [1 1 1 ..., 1 1 1]
 [1 1 1 ..., 1 1 1]]
[[1 1 1 ..., 1 1 1]
 [1 1 1 ..., 1 8 1]
 [1 1 1 ..., 1 1 1]
 ..., 
 [1 1 1 ..., 1 1 1]
 [1 1 1 ..., 1 1 1]
 [3 1 1 ..., 1 1 1]]
[[1 1 1 ..., 1 1 1]
 [1 1 1 ..., 1 1 1]
 [1 5 1 ..., 1 1 1]
 ..., 
 [1 1 1 ..., 1 1 1]
 [1 1 1 ..., 1 1 1]
 [1 1 1 ..., 1 1 1]]
[[5 1 1 ..., 1 1 1]
 [1 1 1 ..., 1 1 1]
 [1 1 5 ..., 1 1 1]
 ..., 
 [1 1 1 ..., 6 1 1]
 [1 1 1 ..., 1 1 1]
 [1 1 1 ..., 1 1 1]]
[[1 1 1 ..., 1 1 1]
 [1 1 1 ..., 1 1 1]
 [1 1 1 ..., 1 1 1]
 ..., 
 [1 1 1 ..., 1 1 1]
 [1 1 3 ..., 1 1 1]
 [3 1 1 ..., 1 4 1]]
[[1 1 1 ..., 1 1 1]
 [1 7 7 ..., 1 1 1]
 [1 1 1 ..., 6 1 1]
 ..., 
 [2 1 6 ..., 1 1 1]
 [1 1 3 ..., 1 1 1]
 [1 1 1 ..., 1 1 1]]
[[ 1  1  5 ...,  1  1  1]
 [ 1  1  1 ...,  1  1  1]
 [ 1  1  1 ...,  1  1  1]
 ..., 
 [ 1  1  1 ...,  1  1  1]
 [ 1  1  1 ...,  3  1  1]
 [ 1  1  1 ...,  1 10  1]]
[[1 1 1 ..., 1 1 1]
 [1 1 2 ..., 1 1 1]
 [1 1 1 ..., 1 1 1]
 ..., 
 [1 5 1 ..., 1 1 1]
 [1 1 1 ..., 1 1 1]
 [1 1 1 ..., 1 1 1]]
[[1 1 1 ..., 1 1 1]
 [1 1 1 ..., 1 1 1]
 [2 1 1 ..., 1 1 1]
 ..., 
 [1 1 1 ..., 1 1 1]
 [1 1 1 ..., 1 5 1]
 [1 7 1 ..., 1 1 1]]
[[1 1 1 ..., 6 1 1]
 [1 1 1 ..., 1 1 1]
 [1 1 1 ..., 1 1 4]
 ..., 
 [1 1 1 ..., 1 9 1]
 [1 1 1 ..., 1 1 1]
 [1 1 1 ..., 1 1 1]]
[[ 1  1  8 ...,  1  3  1]
 [ 1  1  1 ...,  1  1  1]
 [ 1  1  1 ...,  1  1  1]
 ..., 
 [ 1  3 24 ...,  1  1  1]
 [ 1  1  7 ...,  1  1  1]
 [ 1  1  1 ...,  1  1  1]]
[[1 1 3 ..., 1 1 1]
 [1 1 1 ..., 1 1 8]
 [1 1 2 ..., 1 1 1]
 ..., 
 [1 1 1 ..., 1 1 1]
 [1 1 1 ..., 1 9 1]
 [5 1 1 ..., 1 1 1]]
[[1 1 1 ..., 1 1 1]
 [1 3 2 ..., 1 3 1]
 [1 1 1 ..., 1 1 1]
 ..., 
 [1 1 1 ..., 1 1 4]
 [1 1 1 ..., 1 1 1]
 [1 1 1 ..., 2 1 1]]
[[ 3  1  1 ...,  8  1  3]
 [ 1  1  1 ...,  1  1  1]
 [ 1  1  1 ...,  1 17  1]
 ..., 
 [ 1  1  1 ...,  1  1  1]
 [ 1  1  3 ...,  1  1  1]
 [ 1  1  1 ...,  1  6  1]]
[[ 1  5  1 ...,  1  1  1]
 [ 1  1  1 ...,  1  1 10]
 [ 1  1  1 ...,  1  8  1]
 ..., 
 [ 1  1  7 ...,  1  1  4]
 [ 1  1  1 ...,  1  3  1]
 [12  1  1 ...,  1  1  1]]
[[1 1 1 ..., 2 1 1]
 [7 1 1 ..., 1 1 1]
 [3 1 1 ..., 4 1 1]
 ..., 
 [1 1 1 ..., 1 1 1]
 [1 1 6 ..., 1 5 1]
 [1 1 1 ..., 1 6 3]]
[[ 1  1  1 ...,  2  1  1]
 [ 1  2  2 ...,  7  1  1]
 [ 4  1  1 ...,  1  1  1]
 ..., 
 [ 1  1  1 ...,  1  7  1]
 [ 1  1  1 ...,  1  3 10]
 [ 1  1  1 ...,  1  1  1]]
[[1 1 1 ..., 1 1 1]
 [1 1 1 ..., 8 1 1]
 [1 1 1 ..., 1 1 1]
 ..., 
 [1 1 1 ..., 6 1 1]
 [1 1 1 ..., 4 1 9]
 [2 7 4 ..., 1 1 1]]
[[1 1 1 ..., 1 1 3]
 [1 1 1 ..., 1 1 1]
 [9 1 1 ..., 2 2 9]
 ..., 
 [1 5 1 ..., 1 5 1]
 [1 1 5 ..., 1 1 1]
 [1 1 1 ..., 1 1 1]]
[[ 1  3  1 ..., 11  1  1]
 [ 5  1  1 ...,  1  4  6]
 [ 1  1  1 ...,  1  1  1]
 ..., 
 [ 1  5  4 ...,  1  1  1]
 [ 1  1  1 ...,  1  8  1]
 [ 1  9  1 ...,  1  1  7]]
[[1 1 1 ..., 1 4 7]
 [1 1 1 ..., 1 1 1]
 [1 1 1 ..., 1 1 1]
 ..., 
 [1 1 1 ..., 1 1 1]
 [1 5 1 ..., 1 1 1]
 [1 8 1 ..., 1 5 1]]
[[ 1  2  1 ...,  1  1  1]
 [ 8  1  1 ...,  1  1  1]
 [ 3  3  7 ...,  1  1  5]
 ..., 
 [ 1  1  1 ...,  1  3 14]
 [ 1  1  1 ..., 14  1  1]
 [13  1  1 ...,  1  1  1]]
[[1 1 1 ..., 1 1 3]
 [1 1 1 ..., 1 1 1]
 [1 4 1 ..., 7 1 1]
 ..., 
 [1 1 1 ..., 1 1 7]
 [4 1 1 ..., 2 1 1]
 [5 4 1 ..., 1 1 1]]
[[ 1  1  6 ...,  4  1  1]
 [ 1  1  1 ...,  1  1  1]
 [ 1  1  1 ...,  1  5  1]
 ..., 
 [19  3  1 ...,  7  1 15]
 [ 1 10  7 ...,  1  1  4]
 [ 5  1  1 ...,  1  1  1]]
[[ 1  1  1 ...,  1  1  9]
 [ 1  1  1 ...,  1  1  1]
 [ 2  2  3 ...,  1  1 15]
 ..., 
 [ 1  1  1 ...,  1  2  1]
 [ 1  5  1 ..., 11  3  1]
 [ 1  1  6 ...,  4  1  3]]
[[ 1  7  2 ...,  1  1  2]
 [ 5  4  1 ...,  1  8  1]
 [ 1  1  1 ...,  7  4  1]
 ..., 
 [ 1  1 10 ..., 10  9  1]
 [ 4  1  1 ...,  1  1  1]
 [20  1  3 ...,  1 12  1]]
[[ 1  8  1 ..., 12  2  1]
 [ 1  6  1 ...,  1  1  2]
 [ 6  1  1 ..., 10  7  1]
 ..., 
 [ 1  1  6 ...,  1  1  1]
 [ 1  2  7 ...,  1  2  8]
 [ 4  1  7 ...,  1  1  1]]
[[ 1  1  4 ...,  7  1  7]
 [ 1 16  8 ...,  2  2  1]
 [ 1  1  1 ...,  1  1  1]
 ..., 
 [ 1  1  1 ...,  1  1  9]
 [ 6  1  4 ...,  1  1  1]
 [12  1  2 ..., 11  3  1]]
[[ 1  8  1 ...,  1  5  1]
 [ 2  4  2 ...,  3  3  4]
 [ 2  5  1 ...,  1  1  1]
 ..., 
 [11  6  3 ...,  1  1  1]
 [ 5  1  2 ...,  7  1  1]
 [ 1  1  3 ..., 10  1  1]]
[[ 1 11  1 ...,  6  2  1]
 [ 1  3  1 ...,  1  7  8]
 [ 9  1  1 ...,  7  9  9]
 ..., 
 [ 1  4 13 ...,  1  6  3]
 [ 6  1  1 ...,  1  1  1]
 [ 1  1  9 ...,  9  1  6]]
[[ 1  1  4 ...,  1  4  1]
 [ 5 12  1 ...,  4  1  2]
 [10  1  1 ...,  6  4  2]
 ..., 
 [ 4  6  1 ...,  1  1  1]
 [ 3  5  1 ...,  1  2  1]
 [ 1  1  1 ...,  2  1  1]]
[[ 8  7  1 ...,  1  2  8]
 [ 5  1  1 ..., 13  1  2]
 [ 1  5  3 ...,  1  1  1]
 ..., 
 [14  7  1 ...,  1  9  1]
 [ 1  4  1 ...,  1  1  5]
 [ 3  1  2 ..., 11  1  2]]
[[ 2  1  1 ...,  2  4  6]
 [ 3  1  1 ...,  1  5  1]
 [ 1  7  1 ...,  1 26  5]
 ..., 
 [ 1  7  1 ...,  1  2  1]
 [ 1  1  2 ...,  1  9  5]
 [ 1  1  1 ...,  7  1  3]]
[[ 1  9  1 ...,  1  1 17]
 [13  7  1 ...,  1  2  1]
 [ 6  1  1 ...,  1  1  9]
 ..., 
 [ 1  1  1 ...,  1  1  1]
 [ 1  1  1 ...,  1  1  1]
 [ 7  1  1 ...,  1  1  8]]
[[ 1 12  1 ...,  2  3  1]
 [ 1 11 10 ...,  1  1  1]
 [ 3  9  5 ...,  1  1  1]
 ..., 
 [ 1  1  1 ...,  4  1  1]
 [ 1  1  2 ...,  2  1  1]
 [ 1  1  1 ...,  6  1  1]]
[[ 1  1  1 ...,  6  1  1]
 [ 1  9  1 ..., 10  1  1]
 [11  1  1 ...,  1  1  1]
 ..., 
 [ 6  1  1 ...,  1  4  1]
 [ 1  1  1 ...,  1  1  1]
 [ 1  1  1 ...,  1  1  1]]
[[ 6  1 15 ...,  1  1  1]
 [ 4  1  4 ...,  1  1  4]
 [ 8  1  1 ...,  2 15  7]
 ..., 
 [19  1  1 ...,  1  1  2]
 [ 1  1  7 ...,  1  1  1]
 [ 1  1  7 ...,  1  2  1]]
[[ 3  1  1 ...,  3  1  1]
 [ 1  1 10 ...,  9 12  1]
 [ 1  1  1 ...,  1  1 17]
 ..., 
 [ 6  1  1 ...,  1  1  5]
 [11  4  1 ...,  1  2  1]
 [10 10  5 ...,  6  1  1]]
[[14  8  2 ...,  3 15  9]
 [ 1  1  3 ..., 15  1  1]
 [ 1  1 12 ...,  1 17  1]
 ..., 
 [10  4  5 ...,  6  1  1]
 [ 1  1  1 ...,  5 13  2]
 [ 1  8  1 ...,  1  1  1]]
[[ 3  1  5 ...,  1  7  1]
 [ 1  1  1 ...,  5  1  1]
 [ 6  5  1 ...,  1  1  1]
 ..., 
 [ 3 18  1 ...,  3  1  1]
 [ 1  1  3 ...,  7  1  1]
 [ 7  1  3 ...,  6  1  2]]
[[ 3  1  1 ...,  2  1  2]
 [ 1  4  1 ...,  4  1  1]
 [ 2  1 10 ...,  1  1 13]
 ..., 
 [ 5  1  1 ...,  1 13  1]
 [ 1  1  1 ...,  5  1  3]
 [ 1  4  1 ...,  1  1  1]]
